BLIP
1128035337.49
1130768253.359
1134866642.760
1135770133.779
1136038339.813
1132258534.923
1128085613.28
1128264648.20
1128221842.47
1130156793.541
1134306356.861
1134744802.106
1135264346.883
1135879752.660
1133166777.838
1133171087.316
1136540135.810
1135766632.657
1128349912.533
1133206946.559
1130132047.202
1129748691.016
1132958991.924
1137094928.355
1132651907.205
1131357114.923
1132996432.325
1132929769.620
1133972479.946
1135051921.024

60 Hz
1130848273.546875
1130913180.984375
1130941353.328125
1130946512.890625
1130981156.140625
1127511184.765625000
1128903050.140625000
1128950051.578125000
1127109041.515625000
1126726407.546875000
1126721962.171875000

RF 45
1131058936.166504
1131054727.943359
1131054193.673828
1131062893.683593

Scattered
1136035505.875000
1136033691.343750

Koi
1135818373.446289062
1128986114.61
1127097856.304442882
1126764078.474121093
f28k0qSRU0

Blank
1126764179.781250000

Calibration
1128669494.726562023
1128328967.601562023
1126739065.570312023

Ex Loud
1126795587.421142101
1128335870.334471940
1126758508.710692882
1126738805.90087890

Harmonics
1129802145.157226085

Scratchy
1126882498.321289062
1126874412.701172113

Wandering
1126886289.701172113
1126886286.339843034
1126874123.134764909
1126887055.860351085

NOA
1126819571.678710937
1126873616.461914062
1128331311.351562023
1128331287.413085937
1127108335.215332031
1127188930.392577886
1128331571.149414062
1128331988.248047113
1128331928.137695074

Chirp
1128669982.977539062
1128349912.529297113

Low Freq
1127183205.453125000

150914
1126259462