BLIP
1128227016.51
1127815107.04
1133588582.055
1133349020.539
1135646360.561
1135712178.509
1127356911.23
1130406382.140
1135945474.375
1129485683.475
1135948146.313
1136377393.024
1128315836.446
1131995623.23
1135852743.690
1128829058.732
1129114012.764
1131603591.470
1132268214.163
1136079996.174
1137240953.914
1129033034.233
1133419724.732
1134487884.942
1129090204.822
1134006908.431
1131453962.008
1134571686.126
1133787121.041
1135989562.830
1136585161.096

Low Freq Burst
1135651603.062500
1132583462.109375000

Chirp
1126666737.643553972

Scatt
1132505464.875000000
1132505505.375000000

Koi
1126652226.479003906

Whistle
1135070373.398437023
1135072677.544922113
1135075445.197264909
1135080505.18553972
1135092240.999022960
1135088354.617430925
1135064343.261718034
1135057594.800781011
1135082332.199707031
1135066946.285156011
1135058527.824218034
1135085352.894531011

150914
1126259462
